COUNT: 12767
MEAN: 2.474673954997149e+20
MEDIAN: 2.4664097307429e+20
MODE: 1.57638329490099e+20
SD: 1.4460564700984703e+20
VARIANCE: 2.0910793147136484e+40

Tiempo de ejecución: 0.009361 segundos
